3.070000 6.091
3.150000 6.091
3.250000 6.091
3.350000 6.091
3.450000 6.091
3.550000 6.091
3.650000 6.091
3.750000 6.091
3.870000 6.091
4.000000 6.091
4.120000 6.091
4.250000 6.091
4.370000 6.091
4.500000 6.091
4.620000 6.091
4.750000 6.091
4.870000 6.091
5.000000 6.091
5.150000 6.091
5.300000 6.091
5.450000 6.091
5.600000 6.091
5.800000 6.091
6.000000 6.091
6.150000 6.091
6.300000 6.091
6.500000 6.091
6.700000 6.091
6.900000 6.091
7.100000 6.091
7.300000 6.091
7.500000 6.091
7.750000 6.091
8.000000 6.091
8.250000 6.091
8.500000 6.091
8.750000 6.091
9.000000 6.091
9.250000 6.091
9.500000 6.091
9.750000 6.091
10.000000 6.091
10.300000 6.091
10.600000 6.091
10.900000 6.091
11.200000 6.091
11.500000 6.090
11.800000 6.090
12.200000 6.090
12.500000 6.089
12.800000 6.088
13.200000 6.088
13.600000 6.087
14.000000 6.086
14.500000 6.085
15.000000 6.084
15.500000 6.082
16.000000 6.080
16.500000 6.078
17.000000 6.075
17.500000 6.072
18.000000 6.068
18.500000 6.064
19.000000 6.060
19.500000 6.055
20.000000 6.050
20.600000 6.042
21.200001 6.033
21.799999 6.023
22.400000 6.012
23.000000 6.000
23.600000 5.987
24.299999 5.968
25.000000 5.948
25.799999 5.922
26.500000 5.897
27.200001 5.869
28.000000 5.835
29.000000 5.788
30.000000 5.736
30.700001 5.698
31.500000 5.652
32.500000 5.591
33.500000 5.528
34.500000 5.463
35.500000 5.396
36.500000 5.327
37.500000 5.258
38.700001 5.175
40.000000 5.084
41.200001 5.001
42.500000 4.911
43.700001 4.830
45.000000 4.744
46.200001 4.665
47.500000 4.582
48.700001 4.507
50.000000 4.428
51.500000 4.339
53.000000 4.252
54.500000 4.168
56.000000 4.085
58.000000 3.980
60.000000 3.878
61.500000 3.805
63.000000 3.733
65.000000 3.641
67.000000 3.552
69.000000 3.466
71.000000 3.382
73.000000 3.301
75.000000 3.223
77.500000 3.128
80.000000 3.037
82.500000 2.949
85.000000 2.864
87.500000 2.782
90.000000 2.703
92.500000 2.626
95.000000 2.553
97.500000 2.481
100.000000 2.411
103.000000 2.331
106.000000 2.253
109.000000 2.180
112.000000 2.108
115.000000 2.040
118.000000 1.975
122.000000 1.893
125.000000 1.835
128.000000 1.780
132.000000 1.711
136.000000 1.646
140.000000 1.588
145.000000 1.519
150.000000 1.459
155.000000 1.405
160.000000 1.358
165.000000 1.314
170.000000 1.276
175.000000 1.242
180.000000 1.212
185.000000 1.186
190.000000 1.162
195.000000 1.139
200.000000 1.119
206.000000 1.097
212.000000 1.078
218.000000 1.060
224.000000 1.043
230.000000 1.027
236.000000 1.013
243.000000 0.998
250.000000 0.983
258.000000 0.967
265.000000 0.954
272.000000 0.942
280.000000 0.928
290.000000 0.911
300.000000 0.896
307.000000 0.886
315.000000 0.874
325.000000 0.860
335.000000 0.847
345.000000 0.834
355.000000 0.821
365.000000 0.809
375.000000 0.798
387.000000 0.784
400.000000 0.769
412.000000 0.756
425.000000 0.743
437.000000 0.731
450.000000 0.718
462.000000 0.707
475.000000 0.694
487.000000 0.684
500.000000 0.672
515.000000 0.659
530.000000 0.647
545.000000 0.635
560.000000 0.623
580.000000 0.607
600.000000 0.593
615.000000 0.582
630.000000 0.572
650.000000 0.558
670.000000 0.545
690.000000 0.532
710.000000 0.519
730.000000 0.508
750.000000 0.496
775.000000 0.482
800.000000 0.469
825.000000 0.455
850.000000 0.442
875.000000 0.429
900.000000 0.417
925.000000 0.404
950.000000 0.392
975.000000 0.381
1000.000000 0.369
1030.000000 0.356
1060.000000 0.343
1090.000000 0.330
1120.000000 0.317
1150.000000 0.305
1180.000000 0.292
1220.000000 0.276
1250.000000 0.264
1280.000000 0.252
1320.000000 0.235
1360.000000 0.220
1400.000000 0.204
1450.000000 0.184
1500.000000 0.164
1550.000000 0.144
1600.000000 0.125
1650.000000 0.105
1700.000000 0.085
1750.000000 0.067
1800.000000 0.047
1850.000000 0.028
1900.000000 0.009
1950.000000 -0.009
2000.000000 -0.028
2060.000000 -0.049
2120.000000 -0.070
2180.000000 -0.090
2240.000000 -0.110
2300.000000 -0.130
2360.000000 -0.149
2430.000000 -0.171
2500.000000 -0.192
2580.000000 -0.216
2650.000000 -0.236
2720.000000 -0.255
2800.000000 -0.278
2900.000000 -0.304
3000.000000 -0.330
3070.000000 -0.347
3150.000000 -0.366
3250.000000 -0.390
3350.000000 -0.412
3450.000000 -0.434
3550.000000 -0.455
3650.000000 -0.476
3750.000000 -0.496
3870.000000 -0.520
4000.000000 -0.544
4120.000000 -0.565
4250.000000 -0.588
4370.000000 -0.609
4500.000000 -0.630
4620.000000 -0.648
4750.000000 -0.669
4870.000000 -0.686
5000.000000 -0.705
5150.000000 -0.726
5300.000000 -0.745
5450.000000 -0.765
5600.000000 -0.784
5800.000000 -0.807
6000.000000 -0.829
6150.000000 -0.845
6300.000000 -0.860
6500.000000 -0.879
6700.000000 -0.898
6900.000000 -0.915
7100.000000 -0.931
7300.000000 -0.946
7500.000000 -0.960
7750.000000 -0.976
8000.000000 -0.990
8250.000000 -1.002
8500.000000 -1.013
8750.000000 -1.022
9000.000000 -1.029
9250.000000 -1.036
9500.000000 -1.040
9750.000000 -1.045
10000.000000 -1.048
10300.000000 -1.051
10600.000000 -1.055
10900.000000 -1.060
11200.000000 -1.068
11500.000000 -1.079
11800.000000 -1.094
12200.000000 -1.118
12500.000000 -1.141
12800.000000 -1.167
13200.000000 -1.205
13600.000000 -1.245
14000.000000 -1.286
14500.000000 -1.335
15000.000000 -1.382
15500.000000 -1.425
16000.000000 -1.465
16500.000000 -1.500
17000.000000 -1.532
17500.000000 -1.561
18000.000000 -1.586
18500.000000 -1.609
19000.000000 -1.630
19500.000000 -1.647
20000.000000 -1.662
20600.000000 -1.678
21200.000000 -1.691
21800.000000 -1.702
22400.000000 -1.710
23000.000000 -1.717
23600.000000 -1.722
