3.070000 6.589
3.150000 6.589
3.250000 6.589
3.350000 6.589
3.450000 6.589
3.550000 6.589
3.650000 6.589
3.750000 6.589
3.870000 6.589
4.000000 6.589
4.120000 6.589
4.250000 6.589
4.370000 6.589
4.500000 6.589
4.620000 6.589
4.750000 6.589
4.870000 6.589
5.000000 6.589
5.150000 6.589
5.300000 6.589
5.450000 6.589
5.600000 6.589
5.800000 6.589
6.000000 6.589
6.150000 6.589
6.300000 6.589
6.500000 6.589
6.700000 6.589
6.900000 6.589
7.100000 6.589
7.300000 6.589
7.500000 6.589
7.750000 6.589
8.000000 6.589
8.250000 6.589
8.500000 6.589
8.750000 6.589
9.000000 6.589
9.250000 6.589
9.500000 6.589
9.750000 6.589
10.000000 6.589
10.300000 6.589
10.600000 6.589
10.900000 6.588
11.200000 6.588
11.500000 6.587
11.800000 6.586
12.200000 6.585
12.500000 6.584
12.800000 6.583
13.200000 6.582
13.600000 6.580
14.000000 6.579
14.500000 6.576
15.000000 6.574
15.500000 6.570
16.000000 6.567
16.500000 6.563
17.000000 6.559
17.500000 6.554
18.000000 6.549
18.500000 6.543
19.000000 6.536
19.500000 6.528
20.000000 6.520
20.600000 6.509
21.200001 6.496
21.799999 6.483
22.400000 6.467
23.000000 6.450
23.600000 6.432
24.299999 6.408
25.000000 6.381
25.799999 6.348
26.500000 6.316
27.200001 6.281
28.000000 6.238
29.000000 6.179
30.000000 6.115
30.700001 6.069
31.500000 6.013
32.500000 5.939
33.500000 5.863
34.500000 5.784
35.500000 5.704
36.500000 5.622
37.500000 5.540
38.700001 5.441
40.000000 5.334
41.200001 5.236
42.500000 5.131
43.700001 5.037
45.000000 4.936
46.200001 4.846
47.500000 4.749
48.700001 4.664
50.000000 4.573
51.500000 4.471
53.000000 4.374
54.500000 4.280
56.000000 4.189
58.000000 4.072
60.000000 3.961
61.500000 3.881
63.000000 3.803
65.000000 3.704
67.000000 3.608
69.000000 3.517
71.000000 3.428
73.000000 3.342
75.000000 3.261
77.500000 3.161
80.000000 3.067
82.500000 2.976
85.000000 2.888
87.500000 2.803
90.000000 2.722
92.500000 2.643
95.000000 2.567
97.500000 2.494
100.000000 2.423
103.000000 2.342
106.000000 2.263
109.000000 2.188
112.000000 2.116
115.000000 2.047
118.000000 1.982
122.000000 1.898
125.000000 1.840
128.000000 1.785
132.000000 1.715
136.000000 1.650
140.000000 1.590
145.000000 1.522
150.000000 1.462
155.000000 1.407
160.000000 1.359
165.000000 1.316
170.000000 1.278
175.000000 1.244
180.000000 1.213
185.000000 1.187
190.000000 1.162
195.000000 1.140
200.000000 1.120
206.000000 1.098
212.000000 1.078
218.000000 1.060
224.000000 1.044
230.000000 1.028
236.000000 1.014
243.000000 0.999
250.000000 0.983
258.000000 0.968
265.000000 0.955
272.000000 0.942
280.000000 0.928
290.000000 0.912
300.000000 0.896
307.000000 0.886
315.000000 0.874
325.000000 0.860
335.000000 0.847
345.000000 0.834
355.000000 0.821
365.000000 0.809
375.000000 0.797
387.000000 0.783
400.000000 0.769
412.000000 0.756
425.000000 0.742
437.000000 0.731
450.000000 0.718
462.000000 0.707
475.000000 0.694
487.000000 0.684
500.000000 0.672
515.000000 0.659
530.000000 0.647
545.000000 0.635
560.000000 0.623
580.000000 0.607
600.000000 0.593
615.000000 0.582
630.000000 0.572
650.000000 0.558
670.000000 0.545
690.000000 0.532
710.000000 0.519
730.000000 0.508
750.000000 0.495
775.000000 0.482
800.000000 0.468
825.000000 0.455
850.000000 0.441
875.000000 0.429
900.000000 0.417
925.000000 0.404
950.000000 0.392
975.000000 0.381
1000.000000 0.369
1030.000000 0.356
1060.000000 0.343
1090.000000 0.330
1120.000000 0.317
1150.000000 0.305
1180.000000 0.292
1220.000000 0.276
1250.000000 0.264
1280.000000 0.252
1320.000000 0.235
1360.000000 0.220
1400.000000 0.204
1450.000000 0.184
1500.000000 0.164
1550.000000 0.144
1600.000000 0.125
1650.000000 0.105
1700.000000 0.085
1750.000000 0.067
1800.000000 0.047
1850.000000 0.028
1900.000000 0.009
1950.000000 -0.009
2000.000000 -0.028
2060.000000 -0.049
2120.000000 -0.070
2180.000000 -0.090
2240.000000 -0.110
2300.000000 -0.130
2360.000000 -0.149
2430.000000 -0.171
2500.000000 -0.192
2580.000000 -0.216
2650.000000 -0.236
2720.000000 -0.256
2800.000000 -0.278
2900.000000 -0.304
3000.000000 -0.330
3070.000000 -0.347
3150.000000 -0.366
3250.000000 -0.390
3350.000000 -0.412
3450.000000 -0.434
3550.000000 -0.455
3650.000000 -0.476
3750.000000 -0.496
3870.000000 -0.520
4000.000000 -0.544
4120.000000 -0.565
4250.000000 -0.588
4370.000000 -0.609
4500.000000 -0.630
4620.000000 -0.648
4750.000000 -0.669
4870.000000 -0.686
5000.000000 -0.705
5150.000000 -0.726
5300.000000 -0.746
5450.000000 -0.765
5600.000000 -0.784
5800.000000 -0.807
6000.000000 -0.829
6150.000000 -0.845
6300.000000 -0.860
6500.000000 -0.880
6700.000000 -0.898
6900.000000 -0.915
7100.000000 -0.931
7300.000000 -0.946
7500.000000 -0.960
7750.000000 -0.976
8000.000000 -0.990
8250.000000 -1.003
8500.000000 -1.013
8750.000000 -1.022
9000.000000 -1.030
9250.000000 -1.036
9500.000000 -1.040
9750.000000 -1.045
10000.000000 -1.048
10300.000000 -1.051
10600.000000 -1.055
10900.000000 -1.060
11200.000000 -1.068
11500.000000 -1.079
11800.000000 -1.094
12200.000000 -1.119
12500.000000 -1.141
12800.000000 -1.167
13200.000000 -1.205
13600.000000 -1.245
14000.000000 -1.286
14500.000000 -1.335
15000.000000 -1.382
15500.000000 -1.425
16000.000000 -1.465
16500.000000 -1.500
17000.000000 -1.532
17500.000000 -1.561
18000.000000 -1.586
18500.000000 -1.609
19000.000000 -1.630
19500.000000 -1.647
20000.000000 -1.662
20600.000000 -1.678
21200.000000 -1.691
21800.000000 -1.702
22400.000000 -1.710
23000.000000 -1.717
23600.000000 -1.722
