3.070000 5.694
3.150000 5.694
3.250000 5.694
3.350000 5.694
3.450000 5.694
3.550000 5.694
3.650000 5.694
3.750000 5.694
3.870000 5.694
4.000000 5.694
4.120000 5.694
4.250000 5.694
4.370000 5.694
4.500000 5.694
4.620000 5.694
4.750000 5.694
4.870000 5.694
5.000000 5.694
5.150000 5.694
5.300000 5.694
5.450000 5.694
5.600000 5.694
5.800000 5.694
6.000000 5.694
6.150000 5.694
6.300000 5.694
6.500000 5.694
6.700000 5.694
6.900000 5.694
7.100000 5.694
7.300000 5.694
7.500000 5.694
7.750000 5.694
8.000000 5.694
8.250000 5.694
8.500000 5.694
8.750000 5.694
9.000000 5.694
9.250000 5.694
9.500000 5.694
9.750000 5.694
10.000000 5.694
10.300000 5.694
10.600000 5.694
10.900000 5.694
11.200000 5.694
11.500000 5.694
11.800000 5.694
12.200000 5.694
12.500000 5.693
12.800000 5.693
13.200000 5.693
13.600000 5.693
14.000000 5.693
14.500000 5.692
15.000000 5.692
15.500000 5.691
16.000000 5.690
16.500000 5.689
17.000000 5.688
17.500000 5.686
18.000000 5.684
18.500000 5.682
19.000000 5.680
19.500000 5.677
20.000000 5.674
20.600000 5.669
21.200001 5.663
21.799999 5.656
22.400000 5.648
23.000000 5.640
23.600000 5.630
24.299999 5.616
25.000000 5.601
25.799999 5.581
26.500000 5.562
27.200001 5.540
28.000000 5.512
29.000000 5.475
30.000000 5.432
30.700001 5.401
31.500000 5.363
32.500000 5.313
33.500000 5.260
34.500000 5.206
35.500000 5.149
36.500000 5.091
37.500000 5.033
38.700001 4.961
40.000000 4.884
41.200001 4.813
42.500000 4.736
43.700001 4.665
45.000000 4.590
46.200001 4.522
47.500000 4.449
48.700001 4.382
50.000000 4.312
51.500000 4.232
53.000000 4.154
54.500000 4.078
56.000000 4.003
58.000000 3.907
60.000000 3.813
61.500000 3.744
63.000000 3.677
65.000000 3.591
67.000000 3.507
69.000000 3.425
71.000000 3.345
73.000000 3.268
75.000000 3.194
77.500000 3.102
80.000000 3.014
82.500000 2.929
85.000000 2.846
87.500000 2.766
90.000000 2.689
92.500000 2.613
95.000000 2.540
97.500000 2.470
100.000000 2.401
103.000000 2.322
106.000000 2.245
109.000000 2.172
112.000000 2.102
115.000000 2.035
118.000000 1.970
122.000000 1.889
125.000000 1.831
128.000000 1.776
132.000000 1.707
136.000000 1.643
140.000000 1.585
145.000000 1.518
150.000000 1.457
155.000000 1.404
160.000000 1.356
165.000000 1.313
170.000000 1.275
175.000000 1.241
180.000000 1.212
185.000000 1.185
190.000000 1.161
195.000000 1.138
200.000000 1.119
206.000000 1.097
212.000000 1.078
218.000000 1.060
224.000000 1.043
230.000000 1.028
236.000000 1.013
243.000000 0.998
250.000000 0.983
258.000000 0.967
265.000000 0.954
272.000000 0.942
280.000000 0.928
290.000000 0.912
300.000000 0.897
307.000000 0.886
315.000000 0.874
325.000000 0.860
335.000000 0.847
345.000000 0.834
355.000000 0.822
365.000000 0.809
375.000000 0.798
387.000000 0.784
400.000000 0.769
412.000000 0.757
425.000000 0.743
437.000000 0.731
450.000000 0.718
462.000000 0.707
475.000000 0.695
487.000000 0.684
500.000000 0.672
515.000000 0.659
530.000000 0.647
545.000000 0.635
560.000000 0.623
580.000000 0.608
600.000000 0.593
615.000000 0.582
630.000000 0.572
650.000000 0.558
670.000000 0.545
690.000000 0.532
710.000000 0.520
730.000000 0.508
750.000000 0.496
775.000000 0.482
800.000000 0.468
825.000000 0.454
850.000000 0.441
875.000000 0.429
900.000000 0.417
925.000000 0.405
950.000000 0.393
975.000000 0.381
1000.000000 0.369
1030.000000 0.356
1060.000000 0.343
1090.000000 0.330
1120.000000 0.318
1150.000000 0.305
1180.000000 0.292
1220.000000 0.276
1250.000000 0.264
1280.000000 0.252
1320.000000 0.236
1360.000000 0.220
1400.000000 0.204
1450.000000 0.185
1500.000000 0.165
1550.000000 0.145
1600.000000 0.125
1650.000000 0.105
1700.000000 0.085
1750.000000 0.066
1800.000000 0.048
1850.000000 0.029
1900.000000 0.009
1950.000000 -0.009
2000.000000 -0.027
2060.000000 -0.049
2120.000000 -0.070
2180.000000 -0.090
2240.000000 -0.110
2300.000000 -0.130
2360.000000 -0.149
2430.000000 -0.171
2500.000000 -0.192
2580.000000 -0.216
2650.000000 -0.236
2720.000000 -0.255
2800.000000 -0.277
2900.000000 -0.304
3000.000000 -0.329
3070.000000 -0.347
3150.000000 -0.366
3250.000000 -0.390
3350.000000 -0.412
3450.000000 -0.434
3550.000000 -0.455
3650.000000 -0.476
3750.000000 -0.496
3870.000000 -0.519
4000.000000 -0.543
4120.000000 -0.565
4250.000000 -0.588
4370.000000 -0.608
4500.000000 -0.630
4620.000000 -0.648
4750.000000 -0.668
4870.000000 -0.686
5000.000000 -0.705
5150.000000 -0.725
5300.000000 -0.745
5450.000000 -0.765
5600.000000 -0.783
5800.000000 -0.807
6000.000000 -0.829
6150.000000 -0.845
6300.000000 -0.860
6500.000000 -0.879
6700.000000 -0.898
6900.000000 -0.915
7100.000000 -0.931
7300.000000 -0.946
7500.000000 -0.960
7750.000000 -0.976
8000.000000 -0.990
8250.000000 -1.002
8500.000000 -1.013
8750.000000 -1.022
9000.000000 -1.030
9250.000000 -1.036
9500.000000 -1.041
9750.000000 -1.045
10000.000000 -1.048
10300.000000 -1.051
10600.000000 -1.055
10900.000000 -1.060
11200.000000 -1.068
11500.000000 -1.079
11800.000000 -1.094
12200.000000 -1.118
12500.000000 -1.142
12800.000000 -1.167
13200.000000 -1.205
13600.000000 -1.244
14000.000000 -1.285
14500.000000 -1.335
15000.000000 -1.382
15500.000000 -1.425
16000.000000 -1.464
16500.000000 -1.500
17000.000000 -1.532
17500.000000 -1.561
18000.000000 -1.586
18500.000000 -1.609
19000.000000 -1.629
19500.000000 -1.646
20000.000000 -1.662
20600.000000 -1.678
21200.000000 -1.691
21800.000000 -1.702
22400.000000 -1.710
23000.000000 -1.717
23600.000000 -1.722
