3.070000 7.585
3.150000 7.585
3.250000 7.585
3.350000 7.585
3.450000 7.585
3.550000 7.585
3.650000 7.585
3.750000 7.585
3.870000 7.585
4.000000 7.585
4.120000 7.585
4.250000 7.585
4.370000 7.585
4.500000 7.585
4.620000 7.585
4.750000 7.585
4.870000 7.585
5.000000 7.585
5.150000 7.585
5.300000 7.585
5.450000 7.585
5.600000 7.585
5.800000 7.585
6.000000 7.585
6.150000 7.585
6.300000 7.585
6.500000 7.585
6.700000 7.585
6.900000 7.585
7.100000 7.585
7.300000 7.585
7.500000 7.585
7.750000 7.585
8.000000 7.585
8.250000 7.585
8.500000 7.585
8.750000 7.585
9.000000 7.585
9.250000 7.585
9.500000 7.585
9.750000 7.585
10.000000 7.585
10.300000 7.585
10.600000 7.584
10.900000 7.582
11.200000 7.582
11.500000 7.580
11.800000 7.579
12.200000 7.577
12.500000 7.575
12.800000 7.572
13.200000 7.570
13.600000 7.567
14.000000 7.564
14.500000 7.559
15.000000 7.554
15.500000 7.548
16.000000 7.542
16.500000 7.534
17.000000 7.527
17.500000 7.518
18.000000 7.508
18.500000 7.498
19.000000 7.486
19.500000 7.474
20.000000 7.460
20.600000 7.442
21.200001 7.423
21.799999 7.401
22.400000 7.376
23.000000 7.350
23.600000 7.323
24.299999 7.286
25.000000 7.247
25.799999 7.199
26.500000 7.152
27.200001 7.103
28.000000 7.043
29.000000 6.961
30.000000 6.874
30.700001 6.810
31.500000 6.734
32.500000 6.634
33.500000 6.532
34.500000 6.427
35.500000 6.320
36.500000 6.212
37.500000 6.104
38.700001 5.973
40.000000 5.834
41.200001 5.706
42.500000 5.571
43.700001 5.449
45.000000 5.321
46.200001 5.206
47.500000 5.085
48.700001 4.977
50.000000 4.864
51.500000 4.740
53.000000 4.621
54.500000 4.506
56.000000 4.396
58.000000 4.258
60.000000 4.127
61.500000 4.034
63.000000 3.944
65.000000 3.830
67.000000 3.722
69.000000 3.619
71.000000 3.520
73.000000 3.426
75.000000 3.336
77.500000 3.228
80.000000 3.126
82.500000 3.028
85.000000 2.935
87.500000 2.845
90.000000 2.760
92.500000 2.677
95.000000 2.598
97.500000 2.522
100.000000 2.449
103.000000 2.364
106.000000 2.283
109.000000 2.206
112.000000 2.132
115.000000 2.062
118.000000 1.995
122.000000 1.910
125.000000 1.850
128.000000 1.794
132.000000 1.723
136.000000 1.657
140.000000 1.597
145.000000 1.528
150.000000 1.466
155.000000 1.411
160.000000 1.363
165.000000 1.320
170.000000 1.281
175.000000 1.246
180.000000 1.216
185.000000 1.188
190.000000 1.164
195.000000 1.141
200.000000 1.121
206.000000 1.099
212.000000 1.079
218.000000 1.061
224.000000 1.045
230.000000 1.029
236.000000 1.015
243.000000 0.999
250.000000 0.984
258.000000 0.968
265.000000 0.955
272.000000 0.942
280.000000 0.929
290.000000 0.912
300.000000 0.897
307.000000 0.886
315.000000 0.875
325.000000 0.861
335.000000 0.847
345.000000 0.834
355.000000 0.821
365.000000 0.809
375.000000 0.797
387.000000 0.783
400.000000 0.769
412.000000 0.756
425.000000 0.742
437.000000 0.731
450.000000 0.718
462.000000 0.706
475.000000 0.694
487.000000 0.683
500.000000 0.672
515.000000 0.659
530.000000 0.647
545.000000 0.634
560.000000 0.623
580.000000 0.607
600.000000 0.593
615.000000 0.582
630.000000 0.572
650.000000 0.558
670.000000 0.545
690.000000 0.532
710.000000 0.519
730.000000 0.507
750.000000 0.495
775.000000 0.482
800.000000 0.468
825.000000 0.455
850.000000 0.441
875.000000 0.428
900.000000 0.417
925.000000 0.404
950.000000 0.392
975.000000 0.381
1000.000000 0.369
1030.000000 0.356
1060.000000 0.343
1090.000000 0.330
1120.000000 0.317
1150.000000 0.304
1180.000000 0.292
1220.000000 0.276
1250.000000 0.263
1280.000000 0.251
1320.000000 0.235
1360.000000 0.220
1400.000000 0.204
1450.000000 0.184
1500.000000 0.164
1550.000000 0.144
1600.000000 0.124
1650.000000 0.104
1700.000000 0.085
1750.000000 0.066
1800.000000 0.047
1850.000000 0.028
1900.000000 0.009
1950.000000 -0.009
2000.000000 -0.028
2060.000000 -0.049
2120.000000 -0.070
2180.000000 -0.091
2240.000000 -0.110
2300.000000 -0.130
2360.000000 -0.149
2430.000000 -0.171
2500.000000 -0.193
2580.000000 -0.216
2650.000000 -0.236
2720.000000 -0.256
2800.000000 -0.278
2900.000000 -0.304
3000.000000 -0.330
3070.000000 -0.347
3150.000000 -0.366
3250.000000 -0.390
3350.000000 -0.412
3450.000000 -0.434
3550.000000 -0.456
3650.000000 -0.476
3750.000000 -0.496
3870.000000 -0.520
4000.000000 -0.544
4120.000000 -0.566
4250.000000 -0.588
4370.000000 -0.609
4500.000000 -0.630
4620.000000 -0.649
4750.000000 -0.669
4870.000000 -0.686
5000.000000 -0.705
5150.000000 -0.726
5300.000000 -0.746
5450.000000 -0.765
5600.000000 -0.784
5800.000000 -0.807
6000.000000 -0.829
6150.000000 -0.845
6300.000000 -0.860
6500.000000 -0.880
6700.000000 -0.898
6900.000000 -0.915
7100.000000 -0.931
7300.000000 -0.946
7500.000000 -0.960
7750.000000 -0.976
8000.000000 -0.990
8250.000000 -1.003
8500.000000 -1.013
8750.000000 -1.022
9000.000000 -1.030
9250.000000 -1.036
9500.000000 -1.041
9750.000000 -1.045
10000.000000 -1.048
10300.000000 -1.052
10600.000000 -1.056
10900.000000 -1.061
11200.000000 -1.069
11500.000000 -1.079
11800.000000 -1.094
12200.000000 -1.119
12500.000000 -1.142
12800.000000 -1.167
13200.000000 -1.206
13600.000000 -1.245
14000.000000 -1.286
14500.000000 -1.335
15000.000000 -1.382
15500.000000 -1.426
16000.000000 -1.465
16500.000000 -1.500
17000.000000 -1.532
17500.000000 -1.561
18000.000000 -1.587
18500.000000 -1.609
19000.000000 -1.630
19500.000000 -1.647
20000.000000 -1.662
20600.000000 -1.678
21200.000000 -1.691
21800.000000 -1.702
22400.000000 -1.711
23000.000000 -1.718
23600.000000 -1.722
