3.070000 5.876
3.150000 5.876
3.250000 5.876
3.350000 5.876
3.450000 5.876
3.550000 5.876
3.650000 5.876
3.750000 5.876
3.870000 5.876
4.000000 5.876
4.120000 5.876
4.250000 5.876
4.370000 5.876
4.500000 5.876
4.620000 5.876
4.750000 5.876
4.870000 5.876
5.000000 5.876
5.150000 5.876
5.300000 5.876
5.450000 5.876
5.600000 5.876
5.800000 5.876
6.000000 5.876
6.150000 5.876
6.300000 5.876
6.500000 5.876
6.700000 5.876
6.900000 5.876
7.100000 5.876
7.300000 5.876
7.500000 5.876
7.750000 5.876
8.000000 5.876
8.250000 5.876
8.500000 5.876
8.750000 5.876
9.000000 5.876
9.250000 5.876
9.500000 5.876
9.750000 5.876
10.000000 5.876
10.300000 5.876
10.600000 5.876
10.900000 5.876
11.200000 5.876
11.500000 5.876
11.800000 5.876
12.200000 5.876
12.500000 5.876
12.800000 5.876
13.200000 5.876
13.600000 5.876
14.000000 5.876
14.500000 5.876
15.000000 5.876
15.500000 5.876
16.000000 5.876
16.500000 5.876
17.000000 5.876
17.500000 5.876
18.000000 5.876
18.500000 5.876
19.000000 5.876
19.500000 5.875
20.000000 5.874
20.600000 5.873
21.200001 5.872
21.799999 5.871
22.400000 5.870
23.000000 5.869
23.600000 5.868
24.299999 5.867
25.000000 5.867
25.799999 5.866
26.500000 5.865
27.200001 5.863
28.000000 5.860
29.000000 5.856
30.000000 5.851
30.700001 5.847
31.500000 5.842
32.500000 5.835
33.500000 5.827
34.500000 5.818
35.500000 5.807
36.500000 5.796
37.500000 5.784
38.700001 5.768
40.000000 5.749
41.200001 5.730
42.500000 5.708
43.700001 5.687
45.000000 5.663
46.200001 5.639
47.500000 5.611
48.700001 5.585
50.000000 5.554
51.500000 5.518
53.000000 5.480
54.500000 5.440
56.000000 5.399
58.000000 5.342
60.000000 5.283
61.500000 5.237
63.000000 5.189
65.000000 5.124
67.000000 5.058
69.000000 4.990
71.000000 4.921
73.000000 4.851
75.000000 4.781
77.500000 4.691
80.000000 4.601
82.500000 4.510
85.000000 4.419
87.500000 4.328
90.000000 4.238
92.500000 4.148
95.000000 4.059
97.500000 3.971
100.000000 3.885
103.000000 3.781
106.000000 3.679
109.000000 3.579
112.000000 3.483
115.000000 3.388
118.000000 3.296
122.000000 3.179
125.000000 3.094
128.000000 3.012
132.000000 2.907
136.000000 2.808
140.000000 2.713
145.000000 2.603
150.000000 2.499
155.000000 2.403
160.000000 2.312
165.000000 2.228
170.000000 2.150
175.000000 2.078
180.000000 2.011
185.000000 1.947
190.000000 1.889
195.000000 1.835
200.000000 1.784
206.000000 1.728
212.000000 1.676
218.000000 1.627
224.000000 1.583
230.000000 1.542
236.000000 1.504
243.000000 1.463
250.000000 1.425
258.000000 1.385
265.000000 1.353
272.000000 1.323
280.000000 1.291
290.000000 1.255
300.000000 1.221
307.000000 1.199
315.000000 1.175
325.000000 1.147
335.000000 1.121
345.000000 1.097
355.000000 1.073
365.000000 1.051
375.000000 1.030
387.000000 1.006
400.000000 0.981
412.000000 0.959
425.000000 0.936
437.000000 0.916
450.000000 0.894
462.000000 0.876
475.000000 0.856
487.000000 0.838
500.000000 0.819
515.000000 0.799
530.000000 0.778
545.000000 0.758
560.000000 0.738
580.000000 0.712
600.000000 0.688
615.000000 0.671
630.000000 0.653
650.000000 0.630
670.000000 0.608
690.000000 0.586
710.000000 0.565
730.000000 0.545
750.000000 0.525
775.000000 0.500
800.000000 0.476
825.000000 0.453
850.000000 0.430
875.000000 0.408
900.000000 0.386
925.000000 0.365
950.000000 0.344
975.000000 0.323
1000.000000 0.303
1030.000000 0.280
1060.000000 0.257
1090.000000 0.235
1120.000000 0.213
1150.000000 0.192
1180.000000 0.171
1220.000000 0.144
1250.000000 0.124
1280.000000 0.104
1320.000000 0.079
1360.000000 0.055
1400.000000 0.031
1450.000000 0.002
1500.000000 -0.026
1550.000000 -0.053
1600.000000 -0.078
1650.000000 -0.102
1700.000000 -0.125
1750.000000 -0.147
1800.000000 -0.167
1850.000000 -0.184
1900.000000 -0.200
1950.000000 -0.214
2000.000000 -0.227
2060.000000 -0.241
2120.000000 -0.253
2180.000000 -0.264
2240.000000 -0.276
2300.000000 -0.287
2360.000000 -0.297
2430.000000 -0.309
2500.000000 -0.320
2580.000000 -0.332
2650.000000 -0.344
2720.000000 -0.354
2800.000000 -0.366
2900.000000 -0.380
3000.000000 -0.393
3070.000000 -0.402
3150.000000 -0.412
3250.000000 -0.424
3350.000000 -0.435
3450.000000 -0.446
3550.000000 -0.457
3650.000000 -0.468
3750.000000 -0.478
3870.000000 -0.491
4000.000000 -0.505
4120.000000 -0.518
4250.000000 -0.531
4370.000000 -0.544
4500.000000 -0.558
4620.000000 -0.572
4750.000000 -0.588
4870.000000 -0.603
5000.000000 -0.621
5150.000000 -0.641
5300.000000 -0.662
5450.000000 -0.682
5600.000000 -0.702
5800.000000 -0.728
6000.000000 -0.753
6150.000000 -0.771
6300.000000 -0.789
6500.000000 -0.812
6700.000000 -0.834
6900.000000 -0.855
7100.000000 -0.876
7300.000000 -0.896
7500.000000 -0.915
7750.000000 -0.938
8000.000000 -0.960
8250.000000 -0.980
8500.000000 -0.998
8750.000000 -1.014
9000.000000 -1.029
9250.000000 -1.042
9500.000000 -1.053
9750.000000 -1.063
10000.000000 -1.073
10300.000000 -1.084
10600.000000 -1.095
10900.000000 -1.104
11200.000000 -1.111
11500.000000 -1.118
11800.000000 -1.125
12200.000000 -1.133
12500.000000 -1.139
12800.000000 -1.145
13200.000000 -1.152
13600.000000 -1.159
14000.000000 -1.165
14500.000000 -1.172
15000.000000 -1.178
15500.000000 -1.184
16000.000000 -1.190
16500.000000 -1.195
17000.000000 -1.199
17500.000000 -1.203
18000.000000 -1.206
18500.000000 -1.209
19000.000000 -1.212
19500.000000 -1.215
20000.000000 -1.217
20600.000000 -1.219
21200.000000 -1.222
21800.000000 -1.224
22400.000000 -1.227
23000.000000 -1.230
