3.000000 5.951
3.070000 5.951
3.150000 5.951
3.250000 5.951
3.350000 5.951
3.450000 5.951
3.550000 5.951
3.650000 5.951
3.750000 5.951
3.870000 5.951
4.000000 5.951
4.120000 5.951
4.250000 5.951
4.370000 5.951
4.500000 5.951
4.620000 5.951
4.750000 5.951
4.870000 5.951
5.000000 5.951
5.150000 5.951
5.300000 5.951
5.450000 5.951
5.600000 5.951
5.800000 5.951
6.000000 5.951
6.150000 5.951
6.300000 5.951
6.500000 5.951
6.700000 5.951
6.900000 5.951
7.100000 5.951
7.300000 5.951
7.500000 5.951
7.750000 5.951
8.000000 5.951
8.250000 5.951
8.500000 5.951
8.750000 5.951
9.000000 5.951
9.250000 5.951
9.500000 5.951
9.750000 5.951
10.000000 5.951
10.300000 5.951
10.600000 5.951
10.900000 5.951
11.200000 5.951
11.500000 5.951
11.800000 5.951
12.200000 5.950
12.500000 5.950
12.800000 5.950
13.200000 5.950
13.600000 5.950
14.000000 5.950
14.500000 5.950
15.000000 5.949
15.500000 5.948
16.000000 5.948
16.500000 5.948
17.000000 5.947
17.500000 5.946
18.000000 5.946
18.500000 5.946
19.000000 5.945
19.500000 5.944
20.000000 5.943
20.600000 5.942
21.200001 5.941
21.799999 5.940
22.400000 5.939
23.000000 5.938
23.600000 5.936
24.299999 5.933
25.000000 5.931
25.799999 5.928
26.500000 5.926
27.200001 5.923
28.000000 5.919
29.000000 5.915
30.000000 5.909
30.700001 5.905
31.500000 5.900
32.500000 5.893
33.500000 5.885
34.500000 5.877
35.500000 5.869
36.500000 5.859
37.500000 5.848
38.700001 5.835
40.000000 5.819
41.200001 5.802
42.500000 5.783
43.700001 5.764
45.000000 5.740
46.200001 5.718
47.500000 5.693
48.700001 5.668
50.000000 5.638
51.500000 5.601
53.000000 5.563
54.500000 5.521
56.000000 5.474
58.000000 5.409
60.000000 5.339
61.500000 5.284
63.000000 5.225
65.000000 5.142
67.000000 5.056
69.000000 4.965
71.000000 4.871
73.000000 4.772
75.000000 4.668
77.500000 4.534
80.000000 4.396
82.500000 4.254
85.000000 4.110
87.500000 3.964
90.000000 3.817
92.500000 3.670
95.000000 3.523
97.500000 3.377
100.000000 3.233
103.000000 3.063
106.000000 2.897
109.000000 2.737
112.000000 2.583
115.000000 2.433
118.000000 2.290
122.000000 2.110
125.000000 1.981
128.000000 1.860
132.000000 1.707
136.000000 1.567
140.000000 1.438
145.000000 1.292
150.000000 1.158
155.000000 1.039
160.000000 0.934
165.000000 0.841
170.000000 0.758
175.000000 0.680
180.000000 0.610
185.000000 0.548
190.000000 0.494
195.000000 0.446
200.000000 0.403
206.000000 0.357
212.000000 0.315
218.000000 0.280
224.000000 0.248
230.000000 0.220
236.000000 0.195
243.000000 0.169
250.000000 0.146
258.000000 0.124
265.000000 0.107
272.000000 0.092
280.000000 0.077
290.000000 0.061
300.000000 0.047
307.000000 0.039
315.000000 0.030
325.000000 0.023
335.000000 0.017
345.000000 0.011
355.000000 0.006
365.000000 -0.000
375.000000 -0.005
387.000000 -0.011
400.000000 -0.017
412.000000 -0.018
425.000000 -0.017
437.000000 -0.017
450.000000 -0.018
462.000000 -0.018
475.000000 -0.018
487.000000 -0.018
500.000000 -0.018
515.000000 -0.018
530.000000 -0.018
545.000000 -0.018
560.000000 -0.018
580.000000 -0.018
600.000000 -0.018
615.000000 -0.018
630.000000 -0.018
650.000000 -0.018
670.000000 -0.018
690.000000 -0.018
710.000000 -0.018
730.000000 -0.018
750.000000 -0.018
775.000000 -0.019
800.000000 -0.019
825.000000 -0.019
850.000000 -0.019
875.000000 -0.019
900.000000 -0.019
925.000000 -0.019
950.000000 -0.019
975.000000 -0.019
1000.000000 -0.019
1030.000000 -0.019
1060.000000 -0.019
1090.000000 -0.019
1120.000000 -0.019
1150.000000 -0.020
1180.000000 -0.020
1220.000000 -0.020
1250.000000 -0.020
1280.000000 -0.020
1320.000000 -0.020
1360.000000 -0.020
1400.000000 -0.020
1450.000000 -0.021
1500.000000 -0.021
1550.000000 -0.021
1600.000000 -0.021
1650.000000 -0.021
1700.000000 -0.021
1750.000000 -0.021
1800.000000 -0.021
1850.000000 -0.022
1900.000000 -0.022
1950.000000 -0.022
2000.000000 -0.022
2060.000000 -0.022
2120.000000 -0.022
2180.000000 -0.023
2240.000000 -0.023
2300.000000 -0.023
2360.000000 -0.023
2430.000000 -0.023
2500.000000 -0.023
2580.000000 -0.024
2650.000000 -0.024
2720.000000 -0.024
2800.000000 -0.024
2900.000000 -0.024
3000.000000 -0.024
3070.000000 -0.024
3150.000000 -0.025
3250.000000 -0.025
3350.000000 -0.025
3450.000000 -0.025
3550.000000 -0.026
3650.000000 -0.026
3750.000000 -0.026
3870.000000 -0.026
4000.000000 -0.027
4120.000000 -0.027
4250.000000 -0.027
4370.000000 -0.028
4500.000000 -0.028
4620.000000 -0.028
4750.000000 -0.028
4870.000000 -0.028
5000.000000 -0.029
5150.000000 -0.030
5300.000000 -0.030
5450.000000 -0.030
5600.000000 -0.030
5800.000000 -0.030
6000.000000 -0.031
6150.000000 -0.032
6300.000000 -0.032
6500.000000 -0.032
6700.000000 -0.032
6900.000000 -0.032
7100.000000 -0.033
7300.000000 -0.034
7500.000000 -0.034
7750.000000 -0.035
8000.000000 -0.035
8250.000000 -0.035
8500.000000 -0.035
8750.000000 -0.035
9000.000000 -0.036
9250.000000 -0.037
9500.000000 -0.037
9750.000000 -0.038
10000.000000 -0.038
10300.000000 -0.038
10600.000000 -0.038
10900.000000 -0.039
11200.000000 -0.039
11500.000000 -0.040
11800.000000 -0.040
12200.000000 -0.041
12500.000000 -0.041
12800.000000 -0.041
13200.000000 -0.042
13600.000000 -0.043
14000.000000 -0.043
14500.000000 -0.044
15000.000000 -0.044
15500.000000 -0.044
16000.000000 -0.044
16500.000000 -0.044
17000.000000 -0.045
17500.000000 -0.046
18000.000000 -0.046
18500.000000 -0.046
19000.000000 -0.046
19500.000000 -0.046
20000.000000 -0.046
20600.000000 -0.046
21200.000000 -0.046
