3.000000 3.969
3.070000 3.969
3.150000 3.969
3.250000 3.969
3.350000 3.969
3.450000 3.969
3.550000 3.969
3.650000 3.969
3.750000 3.969
3.870000 3.969
4.000000 3.969
4.120000 3.969
4.250000 3.969
4.370000 3.969
4.500000 3.969
4.620000 3.969
4.750000 3.969
4.870000 3.969
5.000000 3.969
5.150000 3.969
5.300000 3.969
5.450000 3.969
5.600000 3.969
5.800000 3.969
6.000000 3.969
6.150000 3.969
6.300000 3.969
6.500000 3.969
6.700000 3.969
6.900000 3.969
7.100000 3.969
7.300000 3.969
7.500000 3.969
7.750000 3.969
8.000000 3.969
8.250000 3.969
8.500000 3.969
8.750000 3.969
9.000000 3.969
9.250000 3.969
9.500000 3.969
9.750000 3.969
10.000000 3.969
10.300000 3.969
10.600000 3.969
10.900000 3.968
11.200000 3.968
11.500000 3.968
11.800000 3.968
12.200000 3.968
12.500000 3.968
12.800000 3.968
13.200000 3.968
13.600000 3.968
14.000000 3.968
14.500000 3.968
15.000000 3.967
15.500000 3.967
16.000000 3.967
16.500000 3.967
17.000000 3.966
17.500000 3.965
18.000000 3.965
18.500000 3.965
19.000000 3.965
19.500000 3.964
20.000000 3.964
20.600000 3.963
21.200001 3.962
21.799999 3.961
22.400000 3.961
23.000000 3.960
23.600000 3.959
24.299999 3.957
25.000000 3.956
25.799999 3.954
26.500000 3.952
27.200001 3.950
28.000000 3.948
29.000000 3.945
30.000000 3.942
30.700001 3.939
31.500000 3.936
32.500000 3.932
33.500000 3.927
34.500000 3.922
35.500000 3.916
36.500000 3.910
37.500000 3.903
38.700001 3.894
40.000000 3.884
41.200001 3.873
42.500000 3.860
43.700001 3.847
45.000000 3.833
46.200001 3.819
47.500000 3.803
48.700001 3.786
50.000000 3.767
51.500000 3.743
53.000000 3.718
54.500000 3.691
56.000000 3.662
58.000000 3.619
60.000000 3.573
61.500000 3.536
63.000000 3.498
65.000000 3.444
67.000000 3.387
69.000000 3.327
71.000000 3.264
73.000000 3.198
75.000000 3.129
77.500000 3.040
80.000000 2.947
82.500000 2.853
85.000000 2.755
87.500000 2.656
90.000000 2.557
92.500000 2.458
95.000000 2.358
97.500000 2.259
100.000000 2.160
103.000000 2.044
106.000000 1.932
109.000000 1.822
112.000000 1.717
115.000000 1.615
118.000000 1.518
122.000000 1.396
125.000000 1.309
128.000000 1.227
132.000000 1.125
136.000000 1.031
140.000000 0.945
145.000000 0.846
150.000000 0.757
155.000000 0.678
160.000000 0.607
165.000000 0.546
170.000000 0.492
175.000000 0.441
180.000000 0.395
185.000000 0.355
190.000000 0.319
195.000000 0.287
200.000000 0.259
206.000000 0.229
212.000000 0.202
218.000000 0.179
224.000000 0.159
230.000000 0.141
236.000000 0.125
243.000000 0.108
250.000000 0.094
258.000000 0.078
265.000000 0.067
272.000000 0.057
280.000000 0.050
290.000000 0.045
300.000000 0.041
307.000000 0.038
315.000000 0.032
325.000000 0.019
335.000000 0.008
345.000000 0.002
355.000000 -0.001
365.000000 -0.004
375.000000 -0.007
387.000000 -0.009
400.000000 -0.011
412.000000 -0.011
425.000000 -0.011
437.000000 -0.011
450.000000 -0.012
462.000000 -0.012
475.000000 -0.012
487.000000 -0.012
500.000000 -0.012
515.000000 -0.012
530.000000 -0.012
545.000000 -0.012
560.000000 -0.012
580.000000 -0.012
600.000000 -0.012
615.000000 -0.012
630.000000 -0.012
650.000000 -0.012
670.000000 -0.012
690.000000 -0.012
710.000000 -0.012
730.000000 -0.012
750.000000 -0.012
775.000000 -0.012
800.000000 -0.012
825.000000 -0.012
850.000000 -0.012
875.000000 -0.012
900.000000 -0.012
925.000000 -0.012
950.000000 -0.012
975.000000 -0.013
1000.000000 -0.013
1030.000000 -0.013
1060.000000 -0.013
1090.000000 -0.013
1120.000000 -0.013
1150.000000 -0.013
1180.000000 -0.013
1220.000000 -0.013
1250.000000 -0.013
1280.000000 -0.013
1320.000000 -0.013
1360.000000 -0.013
1400.000000 -0.013
1450.000000 -0.013
1500.000000 -0.013
1550.000000 -0.014
1600.000000 -0.014
1650.000000 -0.014
1700.000000 -0.014
1750.000000 -0.014
1800.000000 -0.014
1850.000000 -0.014
1900.000000 -0.014
1950.000000 -0.014
2000.000000 -0.014
2060.000000 -0.015
2120.000000 -0.015
2180.000000 -0.015
2240.000000 -0.015
2300.000000 -0.015
2360.000000 -0.015
2430.000000 -0.015
2500.000000 -0.015
2580.000000 -0.015
2650.000000 -0.015
2720.000000 -0.015
2800.000000 -0.016
2900.000000 -0.016
3000.000000 -0.016
3070.000000 -0.016
3150.000000 -0.016
3250.000000 -0.016
3350.000000 -0.016
3450.000000 -0.016
3550.000000 -0.017
3650.000000 -0.017
3750.000000 -0.017
3870.000000 -0.017
4000.000000 -0.017
4120.000000 -0.018
4250.000000 -0.018
4370.000000 -0.018
4500.000000 -0.018
4620.000000 -0.019
4750.000000 -0.019
4870.000000 -0.019
5000.000000 -0.019
5150.000000 -0.019
5300.000000 -0.019
5450.000000 -0.020
5600.000000 -0.020
5800.000000 -0.020
6000.000000 -0.020
6150.000000 -0.020
6300.000000 -0.021
6500.000000 -0.021
6700.000000 -0.021
6900.000000 -0.021
7100.000000 -0.021
7300.000000 -0.022
7500.000000 -0.022
7750.000000 -0.022
8000.000000 -0.022
8250.000000 -0.023
8500.000000 -0.023
8750.000000 -0.023
9000.000000 -0.023
9250.000000 -0.024
9500.000000 -0.024
9750.000000 -0.024
10000.000000 -0.024
10300.000000 -0.025
10600.000000 -0.025
10900.000000 -0.025
11200.000000 -0.025
11500.000000 -0.026
11800.000000 -0.026
12200.000000 -0.026
12500.000000 -0.026
12800.000000 -0.026
13200.000000 -0.027
13600.000000 -0.027
14000.000000 -0.027
14500.000000 -0.027
15000.000000 -0.028
15500.000000 -0.029
16000.000000 -0.029
16500.000000 -0.029
17000.000000 -0.029
17500.000000 -0.030
18000.000000 -0.030
18500.000000 -0.029
19000.000000 -0.028
19500.000000 -0.027
20000.000000 -0.027
20600.000000 -0.027
21200.000000 -0.027
