3.000000 7.933
3.070000 7.933
3.150000 7.933
3.250000 7.933
3.350000 7.933
3.450000 7.933
3.550000 7.933
3.650000 7.933
3.750000 7.933
3.870000 7.933
4.000000 7.933
4.120000 7.933
4.250000 7.933
4.370000 7.933
4.500000 7.933
4.620000 7.933
4.750000 7.933
4.870000 7.933
5.000000 7.933
5.150000 7.933
5.300000 7.933
5.450000 7.933
5.600000 7.933
5.800000 7.933
6.000000 7.933
6.150000 7.933
6.300000 7.933
6.500000 7.933
6.700000 7.933
6.900000 7.933
7.100000 7.933
7.300000 7.933
7.500000 7.933
7.750000 7.933
8.000000 7.933
8.250000 7.933
8.500000 7.933
8.750000 7.933
9.000000 7.932
9.250000 7.932
9.500000 7.932
9.750000 7.932
10.000000 7.932
10.300000 7.932
10.600000 7.932
10.900000 7.932
11.200000 7.932
11.500000 7.932
11.800000 7.931
12.200000 7.931
12.500000 7.931
12.800000 7.931
13.200000 7.930
13.600000 7.930
14.000000 7.930
14.500000 7.930
15.000000 7.929
15.500000 7.928
16.000000 7.928
16.500000 7.928
17.000000 7.927
17.500000 7.926
18.000000 7.925
18.500000 7.924
19.000000 7.923
19.500000 7.922
20.000000 7.921
20.600000 7.920
21.200001 7.918
21.799999 7.916
22.400000 7.914
23.000000 7.912
23.600000 7.910
24.299999 7.907
25.000000 7.904
25.799999 7.900
26.500000 7.896
27.200001 7.892
28.000000 7.887
29.000000 7.880
30.000000 7.872
30.700001 7.867
31.500000 7.860
32.500000 7.850
33.500000 7.839
34.500000 7.828
35.500000 7.816
36.500000 7.802
37.500000 7.787
38.700001 7.767
40.000000 7.745
41.200001 7.722
42.500000 7.695
43.700001 7.668
45.000000 7.636
46.200001 7.605
47.500000 7.569
48.700001 7.534
50.000000 7.493
51.500000 7.442
53.000000 7.389
54.500000 7.331
56.000000 7.268
58.000000 7.178
60.000000 7.083
61.500000 7.006
63.000000 6.925
65.000000 6.812
67.000000 6.696
69.000000 6.574
71.000000 6.447
73.000000 6.315
75.000000 6.177
77.500000 5.999
80.000000 5.816
82.500000 5.630
85.000000 5.440
87.500000 5.249
90.000000 5.057
92.500000 4.866
95.000000 4.675
97.500000 4.484
100.000000 4.298
103.000000 4.077
106.000000 3.863
109.000000 3.655
112.000000 3.454
115.000000 3.261
118.000000 3.075
122.000000 2.840
125.000000 2.672
128.000000 2.513
132.000000 2.314
136.000000 2.129
140.000000 1.959
145.000000 1.764
150.000000 1.586
155.000000 1.427
160.000000 1.285
165.000000 1.161
170.000000 1.048
175.000000 0.942
180.000000 0.847
185.000000 0.763
190.000000 0.689
195.000000 0.622
200.000000 0.563
206.000000 0.498
212.000000 0.441
218.000000 0.392
224.000000 0.348
230.000000 0.309
236.000000 0.274
243.000000 0.238
250.000000 0.206
258.000000 0.175
265.000000 0.151
272.000000 0.130
280.000000 0.109
290.000000 0.087
300.000000 0.068
307.000000 0.055
315.000000 0.043
325.000000 0.033
335.000000 0.025
345.000000 0.017
355.000000 0.009
365.000000 0.001
375.000000 -0.006
387.000000 -0.016
400.000000 -0.024
412.000000 -0.025
425.000000 -0.024
437.000000 -0.024
450.000000 -0.024
462.000000 -0.024
475.000000 -0.024
487.000000 -0.024
500.000000 -0.024
515.000000 -0.024
530.000000 -0.024
545.000000 -0.024
560.000000 -0.024
580.000000 -0.024
600.000000 -0.025
615.000000 -0.025
630.000000 -0.025
650.000000 -0.025
670.000000 -0.025
690.000000 -0.025
710.000000 -0.025
730.000000 -0.025
750.000000 -0.025
775.000000 -0.025
800.000000 -0.025
825.000000 -0.026
850.000000 -0.026
875.000000 -0.026
900.000000 -0.026
925.000000 -0.026
950.000000 -0.026
975.000000 -0.026
1000.000000 -0.026
1030.000000 -0.026
1060.000000 -0.026
1090.000000 -0.027
1120.000000 -0.027
1150.000000 -0.027
1180.000000 -0.027
1220.000000 -0.027
1250.000000 -0.027
1280.000000 -0.027
1320.000000 -0.027
1360.000000 -0.027
1400.000000 -0.028
1450.000000 -0.028
1500.000000 -0.028
1550.000000 -0.028
1600.000000 -0.029
1650.000000 -0.029
1700.000000 -0.029
1750.000000 -0.029
1800.000000 -0.029
1850.000000 -0.030
1900.000000 -0.030
1950.000000 -0.030
2000.000000 -0.030
2060.000000 -0.031
2120.000000 -0.031
2180.000000 -0.031
2240.000000 -0.031
2300.000000 -0.031
2360.000000 -0.031
2430.000000 -0.032
2500.000000 -0.032
2580.000000 -0.032
2650.000000 -0.032
2720.000000 -0.032
2800.000000 -0.033
2900.000000 -0.034
3000.000000 -0.034
3070.000000 -0.034
3150.000000 -0.034
3250.000000 -0.034
3350.000000 -0.035
3450.000000 -0.036
3550.000000 -0.036
3650.000000 -0.036
3750.000000 -0.036
3870.000000 -0.036
4000.000000 -0.037
4120.000000 -0.038
4250.000000 -0.038
4370.000000 -0.039
4500.000000 -0.039
4620.000000 -0.039
4750.000000 -0.039
4870.000000 -0.039
5000.000000 -0.040
5150.000000 -0.041
5300.000000 -0.041
5450.000000 -0.041
5600.000000 -0.042
5800.000000 -0.042
6000.000000 -0.043
6150.000000 -0.043
6300.000000 -0.044
6500.000000 -0.045
6700.000000 -0.045
6900.000000 -0.045
7100.000000 -0.046
7300.000000 -0.047
7500.000000 -0.047
7750.000000 -0.047
8000.000000 -0.048
8250.000000 -0.049
8500.000000 -0.049
8750.000000 -0.050
9000.000000 -0.050
9250.000000 -0.051
9500.000000 -0.051
9750.000000 -0.051
10000.000000 -0.052
10300.000000 -0.053
10600.000000 -0.054
10900.000000 -0.055
11200.000000 -0.055
11500.000000 -0.056
11800.000000 -0.056
12200.000000 -0.057
12500.000000 -0.057
12800.000000 -0.057
13200.000000 -0.058
13600.000000 -0.058
14000.000000 -0.059
14500.000000 -0.060
15000.000000 -0.061
15500.000000 -0.062
16000.000000 -0.062
16500.000000 -0.062
17000.000000 -0.063
17500.000000 -0.064
18000.000000 -0.065
18500.000000 -0.066
19000.000000 -0.066
19500.000000 -0.066
20000.000000 -0.067
20600.000000 -0.069
21200.000000 -0.071
