3.000000 1.835
3.070000 1.835
3.150000 1.835
3.250000 1.835
3.350000 1.835
3.450000 1.835
3.550000 1.835
3.650000 1.835
3.750000 1.835
3.870000 1.835
4.000000 1.835
4.120000 1.835
4.250000 1.835
4.370000 1.835
4.500000 1.835
4.620000 1.835
4.750000 1.835
4.870000 1.835
5.000000 1.835
5.150000 1.835
5.300000 1.835
5.450000 1.835
5.600000 1.835
5.800000 1.835
6.000000 1.835
6.150000 1.835
6.300000 1.835
6.500000 1.835
6.700000 1.835
6.900000 1.835
7.100000 1.835
7.300000 1.835
7.500000 1.835
7.750000 1.835
8.000000 1.835
8.250000 1.835
8.500000 1.835
8.750000 1.835
9.000000 1.835
9.250000 1.835
9.500000 1.835
9.750000 1.835
10.000000 1.835
10.300000 1.835
10.600000 1.835
10.900000 1.835
11.200000 1.835
11.500000 1.835
11.800000 1.835
12.200000 1.835
12.500000 1.835
12.800000 1.835
13.200000 1.835
13.600000 1.835
14.000000 1.835
14.500000 1.835
15.000000 1.835
15.500000 1.835
16.000000 1.835
16.500000 1.835
17.000000 1.835
17.500000 1.835
18.000000 1.835
18.500000 1.835
19.000000 1.835
19.500000 1.835
20.000000 1.835
20.600000 1.835
21.200001 1.835
21.799999 1.835
22.400000 1.835
23.000000 1.835
23.600000 1.835
24.299999 1.835
25.000000 1.835
25.799999 1.835
26.500000 1.835
27.200001 1.835
28.000000 1.835
29.000000 1.835
30.000000 1.835
30.700001 1.835
31.500000 1.835
32.500000 1.835
33.500000 1.835
34.500000 1.835
35.500000 1.835
36.500000 1.835
37.500000 1.835
38.700001 1.835
40.000000 1.835
41.200001 1.835
42.500000 1.835
43.700001 1.835
45.000000 1.835
46.200001 1.835
47.500000 1.835
48.700001 1.835
50.000000 1.835
51.500000 1.835
53.000000 1.835
54.500000 1.835
56.000000 1.835
58.000000 1.835
60.000000 1.835
61.500000 1.835
63.000000 1.835
65.000000 1.835
67.000000 1.835
69.000000 1.835
71.000000 1.835
73.000000 1.835
75.000000 1.835
77.500000 1.835
80.000000 1.835
82.500000 1.835
85.000000 1.835
87.500000 1.835
90.000000 1.835
92.500000 1.835
95.000000 1.835
97.500000 1.835
100.000000 1.835
103.000000 1.835
106.000000 1.835
109.000000 1.835
112.000000 1.835
115.000000 1.836
118.000000 1.837
122.000000 1.835
125.000000 1.811
128.000000 1.753
132.000000 1.649
136.000000 1.543
140.000000 1.442
145.000000 1.320
150.000000 1.201
155.000000 1.086
160.000000 0.981
165.000000 0.897
170.000000 0.845
175.000000 0.830
180.000000 0.833
185.000000 0.835
190.000000 0.835
195.000000 0.835
200.000000 0.835
206.000000 0.835
212.000000 0.835
218.000000 0.835
224.000000 0.835
230.000000 0.835
236.000000 0.835
243.000000 0.835
250.000000 0.835
258.000000 0.835
265.000000 0.835
272.000000 0.835
280.000000 0.835
290.000000 0.835
300.000000 0.835
307.000000 0.835
315.000000 0.835
325.000000 0.835
335.000000 0.835
345.000000 0.835
355.000000 0.835
365.000000 0.835
375.000000 0.835
387.000000 0.835
400.000000 0.835
412.000000 0.835
425.000000 0.835
437.000000 0.835
450.000000 0.835
462.000000 0.835
475.000000 0.835
487.000000 0.835
500.000000 0.835
515.000000 0.835
530.000000 0.835
545.000000 0.835
560.000000 0.835
580.000000 0.835
600.000000 0.835
615.000000 0.835
630.000000 0.835
650.000000 0.835
670.000000 0.835
690.000000 0.835
710.000000 0.835
730.000000 0.835
750.000000 0.835
775.000000 0.835
800.000000 0.835
825.000000 0.835
850.000000 0.835
875.000000 0.835
900.000000 0.835
925.000000 0.835
950.000000 0.835
975.000000 0.835
1000.000000 0.835
1030.000000 0.835
1060.000000 0.835
1090.000000 0.835
1120.000000 0.835
1150.000000 0.835
1180.000000 0.835
1220.000000 0.835
1250.000000 0.835
1280.000000 0.835
1320.000000 0.835
1360.000000 0.835
1400.000000 0.835
1450.000000 0.835
1500.000000 0.835
1550.000000 0.837
1600.000000 0.834
1650.000000 0.821
1700.000000 0.789
1750.000000 0.736
1800.000000 0.672
1850.000000 0.611
1900.000000 0.553
1950.000000 0.497
2000.000000 0.443
2060.000000 0.379
2120.000000 0.317
2180.000000 0.256
2240.000000 0.198
2300.000000 0.141
2360.000000 0.086
2430.000000 0.023
2500.000000 -0.038
2580.000000 -0.106
2650.000000 -0.164
2720.000000 -0.220
2800.000000 -0.282
2900.000000 -0.358
3000.000000 -0.431
3070.000000 -0.481
3150.000000 -0.536
3250.000000 -0.603
3350.000000 -0.669
3450.000000 -0.733
3550.000000 -0.794
3650.000000 -0.854
3750.000000 -0.912
3870.000000 -0.980
4000.000000 -1.051
4120.000000 -1.115
4250.000000 -1.182
4370.000000 -1.242
4500.000000 -1.305
4620.000000 -1.361
4750.000000 -1.421
4870.000000 -1.475
5000.000000 -1.532
5150.000000 -1.596
5300.000000 -1.657
5450.000000 -1.717
5600.000000 -1.776
5800.000000 -1.852
6000.000000 -1.925
6150.000000 -1.978
6300.000000 -2.030
6500.000000 -2.097
6700.000000 -2.163
6900.000000 -2.227
7100.000000 -2.288
7300.000000 -2.348
7500.000000 -2.406
7750.000000 -2.477
8000.000000 -2.545
8250.000000 -2.611
8500.000000 -2.675
8750.000000 -2.737
9000.000000 -2.798
9250.000000 -2.857
9500.000000 -2.915
9750.000000 -2.971
10000.000000 -3.024
10300.000000 -3.085
10600.000000 -3.159
10900.000000 -3.260
11200.000000 -3.376
11500.000000 -3.492
11800.000000 -3.605
12200.000000 -3.751
12500.000000 -3.857
12800.000000 -3.961
13200.000000 -4.095
13600.000000 -4.226
14000.000000 -4.354
14500.000000 -4.508
15000.000000 -4.656
15500.000000 -4.799
16000.000000 -4.938
16500.000000 -5.073
17000.000000 -5.204
17500.000000 -5.331
18000.000000 -5.454
18500.000000 -5.574
19000.000000 -5.690
19500.000000 -5.804
20000.000000 -5.915
20600.000000 -6.044
21200.000000 -6.167
21800.000000 -6.281
22400.000000 -6.389
23000.000000 -6.483
