1.000000 0.000
1.030000 0.000
1.060000 0.000
1.090000 0.000
1.120000 0.000
1.150000 0.000
1.180000 0.000
1.220000 0.000
1.250000 0.000
1.280000 0.000
1.320000 0.000
1.360000 0.000
1.400000 0.000
1.450000 0.000
1.500000 0.000
1.550000 0.000
1.600000 0.000
1.650000 0.000
1.700000 0.000
1.750000 0.000
1.800000 0.000
1.850000 0.000
1.900000 0.000
1.950000 0.000
2.000000 0.000
2.060000 0.000
2.120000 0.000
2.180000 0.000
2.240000 0.000
2.300000 0.000
2.360000 0.000
2.430000 0.000
2.500000 0.000
2.580000 0.000
2.650000 0.000
2.720000 0.000
2.800000 0.000
2.900000 0.000
3.000000 0.000
3.070000 0.000
3.150000 0.000
3.250000 0.000
3.350000 0.000
3.450000 0.000
3.550000 0.000
3.650000 0.000
3.750000 0.000
3.870000 0.000
4.000000 0.000
4.120000 0.000
4.250000 0.000
4.370000 0.000
4.500000 0.000
4.620000 0.000
4.750000 0.000
4.870000 0.000
5.000000 0.000
5.150000 0.000
5.300000 0.000
5.450000 0.000
5.600000 0.000
5.800000 0.000
6.000000 0.000
6.150000 0.000
6.300000 0.000
6.500000 0.000
6.700000 0.000
6.900000 0.000
7.100000 0.000
7.300000 0.000
7.500000 0.000
7.750000 0.000
8.000000 0.000
8.250000 0.000
8.500000 0.000
8.750000 0.000
9.000000 0.000
9.250000 0.000
9.500000 0.000
9.750000 0.000
10.000000 0.000
10.300000 0.000
10.600000 0.000
10.900000 0.000
11.200000 0.000
11.500000 0.000
11.800000 0.000
12.200000 0.000
12.500000 0.000
12.800000 0.000
13.200000 0.000
13.600000 0.000
14.000000 0.000
14.500000 0.000
15.000000 0.000
15.500000 0.000
16.000000 0.000
16.500000 0.000
17.000000 0.000
17.500000 0.000
18.000000 0.000
18.500000 0.000
19.000000 0.000
19.500000 0.000
20.000000 0.000
20.600000 0.000
21.200001 0.000
21.799999 0.000
22.400000 0.000
23.000000 0.000
23.600000 0.000
24.299999 0.000
25.000000 0.000
25.799999 0.000
26.500000 0.000
27.200001 0.000
28.000000 0.000
29.000000 0.000
30.000000 0.000
30.700001 0.000
31.500000 0.000
32.500000 0.000
33.500000 0.000
34.500000 0.000
35.500000 0.000
36.500000 0.000
37.500000 0.000
38.700001 0.000
40.000000 0.000
41.200001 0.000
42.500000 0.000
43.700001 0.000
45.000000 0.000
46.200001 0.000
47.500000 0.000
48.700001 0.000
50.000000 0.000
51.500000 0.000
53.000000 0.000
54.500000 0.000
56.000000 0.000
58.000000 0.000
60.000000 0.000
61.500000 0.000
63.000000 0.000
65.000000 0.000
67.000000 0.000
69.000000 0.000
71.000000 0.000
73.000000 0.000
75.000000 0.000
77.500000 0.000
80.000000 0.000
82.500000 0.000
85.000000 0.000
87.500000 0.000
90.000000 0.000
92.500000 0.000
95.000000 0.000
97.500000 0.000
100.000000 0.000
103.000000 0.000
106.000000 0.000
109.000000 0.000
112.000000 0.000
115.000000 0.000
118.000000 0.000
122.000000 0.000
125.000000 0.000
128.000000 0.000
132.000000 0.000
136.000000 0.000
140.000000 0.000
145.000000 0.000
150.000000 0.000
155.000000 0.000
160.000000 0.000
165.000000 0.000
170.000000 0.000
175.000000 0.000
180.000000 0.000
185.000000 0.000
190.000000 0.000
195.000000 0.000
200.000000 0.000
206.000000 0.000
212.000000 0.000
218.000000 0.000
224.000000 0.000
230.000000 0.000
236.000000 0.000
243.000000 0.000
250.000000 0.000
258.000000 0.000
265.000000 0.000
272.000000 0.000
280.000000 0.000
290.000000 0.000
300.000000 0.000
307.000000 0.000
315.000000 0.000
325.000000 0.000
335.000000 0.000
345.000000 0.000
355.000000 0.000
365.000000 0.000
375.000000 0.000
387.000000 0.000
400.000000 0.000
412.000000 0.000
425.000000 0.000
437.000000 0.000
450.000000 0.000
462.000000 0.000
475.000000 0.000
487.000000 0.000
500.000000 0.000
515.000000 0.000
530.000000 0.000
545.000000 0.000
560.000000 0.000
580.000000 0.000
600.000000 0.000
615.000000 0.000
630.000000 0.000
650.000000 0.000
670.000000 0.000
690.000000 0.000
710.000000 0.000
730.000000 0.000
750.000000 0.000
775.000000 0.000
800.000000 0.000
825.000000 0.000
850.000000 0.000
875.000000 0.000
900.000000 0.000
925.000000 0.000
950.000000 0.000
975.000000 0.000
1000.000000 0.000
1030.000000 0.000
1060.000000 0.000
1090.000000 0.000
1120.000000 0.000
1150.000000 0.000
1180.000000 0.000
1220.000000 0.000
1250.000000 0.000
1280.000000 0.000
1320.000000 0.000
1360.000000 0.000
1400.000000 0.000
1450.000000 0.000
1500.000000 0.000
1550.000000 0.000
1600.000000 0.000
1650.000000 0.000
1700.000000 0.000
1750.000000 0.000
1800.000000 0.000
1850.000000 0.000
1900.000000 0.000
1950.000000 0.000
2000.000000 0.000
2060.000000 0.000
2120.000000 0.000
2180.000000 0.000
2240.000000 0.000
2300.000000 0.000
2360.000000 0.000
2430.000000 0.000
2500.000000 0.000
2580.000000 0.000
2650.000000 0.000
2720.000000 0.000
2800.000000 0.000
2900.000000 0.000
3000.000000 0.000
3070.000000 0.000
3150.000000 0.000
3250.000000 0.000
3350.000000 0.000
3450.000000 0.000
3550.000000 0.000
3650.000000 0.000
3750.000000 0.000
3870.000000 0.000
4000.000000 0.000
4120.000000 0.000
4250.000000 0.000
4370.000000 0.000
4500.000000 0.000
4620.000000 0.000
4750.000000 0.000
4870.000000 0.000
5000.000000 0.000
5150.000000 0.000
5300.000000 0.000
5450.000000 0.000
5600.000000 0.000
5800.000000 0.000
6000.000000 0.000
6150.000000 0.000
6300.000000 0.000
6500.000000 0.000
6700.000000 0.000
6900.000000 0.000
7100.000000 0.000
7300.000000 0.000
7500.000000 0.000
7750.000000 0.000
8000.000000 0.000
8250.000000 0.000
8500.000000 0.000
8750.000000 0.000
9000.000000 0.000
9250.000000 0.000
9500.000000 0.000
9750.000000 0.000
10000.000000 0.000
10300.000000 0.000
10600.000000 0.000
10900.000000 0.000
11200.000000 0.000
11500.000000 0.000
11800.000000 0.000
12200.000000 0.000
12500.000000 0.000
12800.000000 0.000
13200.000000 0.000
13600.000000 0.000
14000.000000 0.000
14500.000000 0.000
15000.000000 0.000
15500.000000 0.000
16000.000000 0.000
16500.000000 0.000
17000.000000 0.000
17500.000000 0.000
18000.000000 0.000
18500.000000 0.000
19000.000000 0.000
19500.000000 0.000
20000.000000 0.000
20600.000000 0.000
21200.000000 0.000
21800.000000 0.000
22400.000000 0.000
23000.000000 0.000
23600.000000 0.000
